$ANSIBLE_VAULT;1.1;AES256
31376163613666373963623361376262373337376234626331613239313933326336336539666261
6136626439373030383362653136626233303036333133610a356264636363393865663231623731
31613732626566383366343164613438306564386463393863646431356139353038373637306363
6237336339663039390a663663376332646338306338303934306635323733626533346438663035
65353636633538366663316637393566653230306637386261393834643962323939646632653033
36356663306336343961353233656536346230386435343864653065306332303937393236386462
65313537306639666330333134626437343839383331343339613865623334626331623335613030
63316236306165353339383835623162383466323162343334613964656663323163656238363838
64393061313061396261616635373336636165356661323336386231333938333632323736386238
64663463656535663464386139386232643366633066373164333539393263393763363430613334
34386239623863346139626162663232353037656132356237396338356364386630306562393862
31383566333133393831326335326266656165383132313364653761623562653232383231623538
39663261663661666331333337366539636261353931396338613931383932663266316264376662
31393136346363663531313234363365383938643637623531313933333339353937313939316337
66303661303537633463623831333965356231313135663033383133313330346531653163353437
32333964633237393266613163383164383237396330326166326638363834653362663734303464
35616638613133636166346534646463316434616439316139316461366131343634316264653534
33376462643732623035633137653736316163373537643562393331396563626331383862633630
64386136323164353862353361333230396435313066623132643431666164613931303361396437
66613165373665613635646236386461366665333936373130616438393939366339663432653839
36623632643061616330626137613864316230393130323066633939643162323133323638343734
36653730616534663666363330363432653033333437653065353739633666613862356465393565
33663466353830666233656566666566323232643961656231356335663261653066356235653231
36323466376661623033623133393236393537303634303634323233623037346331306637306261
65633731333261643363386166313065313638306339393566383638633466626432383464656431
32643736393632376537353539303531626534326665626337306432313431623738343933646638
64326139623930346532323634336266306439633137626566663932346366356434333033333536
65623633663630336130376230313938643237306563363863353738613731613435643062626661
63343330356332623562396566353861616162313531356539333231316266393538386166333230
63316636663864303366393335323630383534653332663439306637633235393233626137343866
30653732613536313130386665373935346266346635313433346364393036353338306539343864
65356361666339393834613862376663326466313136663433366466316433356138643033393463
39363661386337383036316237376639356137666661323263653035653830306337313633393337
31323865336334646434663739373935616130383562613530656331623531633762343066383235
36333139363164306534303833303732363232363931613464356566356336663930636364663932
30336465363035613632326335313064316439343231323439333561306133633131376365633334
63346264323464656366653032383837656130343462386562323532633935653766316566666137
30346630383162633239383732613664363633353330306538343166383639396261353432303962
30666134663366633736316162343166663339626561343334633530653735396232613863363139
39313961323066356536363735356630343132373730313635663963323335623835623032663337
32666333616234343136636539616334366338323539326534653761663436356430323234643333
33653630643135363830303132303833386336643331393061666130656632353032356162333235
30316536303065323062366163316434366133626233633735336565363164356666376336363836
32333166396635346134306630643238626561383562616664393933353263373464376138643366
31326538313539306437373338623838393634646466646463326233626666656633636162343938
31633062633337303361656636396663353634313033333435646138663037323336356161366334
38363933356334643364323935336365376437353732393566633635313833366538356136613636
61383536343339333632663665656536306433303033393134383266346638313238623462363438
30303030383735343833633832616463653238646234383462363336623934316534333932343965
66386434336162623632303564393232393130356664623561656162636566643936336232373632
63316330653631383430343539306139356635343035383966653030326562303661366139636536
64616539623362633239376438353434366538363434316234373432616663636635343031353564
32336337666236373762393664313166316265383331653836363131636434336163363062663037
33633533356435343035333262383566383836326631623964313230373632336661636537326336
33303061396463393061356535353161663562366130333262626365313361646330373233323236
30653536396435356434396136386533376531373564646635613935626330373464303935356234
66333930353237646338326161353663383433376364353461646665653164613766376233376235
66396436633831623461386130336538353131613332616532626235663838613037396266646530
61633361323366323335656237323866343539366339376563306230323638663466316562376236
35396535663363666361666532633239343965613266323864346337653931323061333465383330
66646466306137303637373565323339326531663031626231366433636263393664363565333864
36333437353736356635316662373531383935366162376432336334366130356531313766356634
38396263623665623563663038616436656563373761373961326233363432623434323962356335
65373061666636656665366330623966326536363835646431336163383465643062376630356332
34366138633066333666646536363031643133373030633663303830643162366436323435613163
30653136386665656539376136313835636163613539383438656235313961333532646639343964
39366261313963333664646361653933323538636135383831333239333135663230343039306630
39373338316665653064613837393031323231366434373837343232623339323939663334393130
35633164336530303763383538613061363932363232356362383736316638646338356565323866
32366363316163663337636366383263393038343962393162633135356165336437366138393736
62383865323230396163386565643861313838396535626435363062643235323632386236663230
66663436353061313437373933396238633235336366636232663561323465643462326437363139
61386430633164386262666363333039643734626530386633316563386261393430313330316362
31666335643238396266373365336564313834383332396231336465336331313237373830663633
64383332663361333434656231323830653431316238623932623334656563636666363564623735
63316435656165376630396131613032376366386236313235623931646265626634363536306263
34396138616439386663633965636134303762643232623465303238363332666634306438663437
66663263343438313631653735316336323330396464356232326232336334306462323431326165
66663637393665616262663764333033656161616565353930333062633864353732306433323636
66653238653866653963383432613862353664373333386164303964353636343434326639643234
66666631386433333739616235623530633839643639343233323038646531366338336235393436
39376565323331646364656530363632396661663865343465353762343837353235663338333762
66653836336133303566653131353039353330373239326362376432363336386463306462383665
33363734383962386436366131333834646162346663336166323565623530393963666461303664
34313163646335336266613664303331346532646232363331313162656139353637393063616161
34333733323533333531393466306362306130346262383263653462663937373830316630316531
30333237383465656665303637396434613130333563303238353839313338616366306435336336
35613836663832336233366134616333666638613037666362656238313463363862386532373239
38336562313666633732616432623637623330393430376666306564326563363635396433653031
38376130366539333865643230613638323738613233366561393264393366633837323230393636
64616361366638626564366236333365666633326463376136373962646263373435626231386462
33626362653733343930316132326630343666313135363664346162663161313739666535393165
61353937623833326332643931663562363130393738333264386536656334343463353365393964
61616435636631386239623362333237363762376235353130656433386265653532326235313938
38303738303532376332633136306263653762323436633330356234373265323631373566643462
66336438326262366130613363346132653164633736663465353436313033636635643932656332
63363431343733346664666564333836396565313930616430643063306664613434343333636461
35353865633763636439393062643062623833316161636463343666626461396265393361626134
34313036653662666534343961373032346161616564376464393961323363323537336437616631
65636365623037306639663238633537333538643763613662653937343966623133623237623564
35373438356437303837666235663734616532633639386538303338346632316536313230356362
34646565666564646136373130323835306638303537616635663265323565366335383866666462
62303066383130316535343661663732626535666264366330333737646630613163306163386461
36393962663238323436666262366361613164393863623537326562326538646534373964323165
31636235616130333161313164643731633161653638323663346633333163353432
